Minimums	Eclipse_#	O-C	O-C_Error
2457143.76182	0.0	0.00000	0.00014
2457143.91854	0.5	-0.00008	0.00028
2457161.75726	57.5	-0.00088	0.00022
2457161.91375	58.0	-0.00088	0.00019
2458842.68058	5428.5	-0.03889	0.00051
2458842.83709	5429.0	-0.03885	0.00083
2458842.99348	5429.5	-0.03895	0.00050
2458843.14992	5430.0	-0.03900	0.00096
2458843.30633	5430.5	-0.03907	0.00046
2458843.46320	5431.0	-0.03869	0.00093
2458843.61904	5431.5	-0.03933	0.00067
2458843.77574	5432.0	-0.03912	0.00044
2458843.93212	5432.5	-0.03922	0.00060
2458844.08962	5433.0	-0.03821	0.00110
2458844.24512	5433.5	-0.03920	0.00064
2458844.40252	5434.0	-0.03828	0.00079
2458844.55857	5434.5	-0.03871	0.00052
2458844.71470	5435.0	-0.03907	0.00072
2458844.87090	5435.5	-0.03936	0.00077
2458845.02843	5436.0	-0.03831	0.00074
2458845.18400	5436.5	-0.03922	0.00055
2458845.34189	5437.0	-0.03782	0.00071
2458845.49745	5437.5	-0.03874	0.00065
2458845.65474	5438.0	-0.03794	0.00064
2458845.81146	5438.5	-0.03770	0.00051
2458845.96730	5439.0	-0.03835	0.00074
2458846.12302	5439.5	-0.03911	0.00097
2458846.28060	5440.0	-0.03802	0.00039
2458846.43714	5440.5	-0.03796	0.00061
2458846.59354	5441.0	-0.03805	0.00071
2458846.74912	5441.5	-0.03896	0.00065
2458846.90618	5442.0	-0.03838	0.00066
2458847.06297	5442.5	-0.03807	0.00054
2458847.21920	5443.0	-0.03833	0.00058
2458847.37507	5443.5	-0.03895	0.00073
2458847.53215	5444.0	-0.03835	0.00042
2458847.68762	5444.5	-0.03936	0.00150
2458847.84487	5445.0	-0.03860	0.00040
2458848.00053	5445.5	-0.03943	0.00169
2458848.15777	5446.0	-0.03867	0.00038
2458848.31416	5446.5	-0.03876	0.00153
2458848.47073	5447.0	-0.03868	0.00046
2458848.62714	5447.5	-0.03875	0.00124
2458848.78358	5448.0	-0.03880	0.00052
2458848.94036	5448.5	-0.03850	0.00127
2458849.09639	5449.0	-0.03896	0.00056
2458849.25212	5449.5	-0.03972	0.00195
2458849.40926	5450.0	-0.03906	0.00038
2458849.56500	5450.5	-0.03980	0.00070
2458849.72225	5451.0	-0.03904	0.00045
2458850.03521	5452.0	-0.03905	0.00042
2458850.19069	5452.5	-0.04005	0.00052
2458850.34804	5453.0	-0.03919	0.00043
2458850.50406	5453.5	-0.03966	0.00081
2458850.66111	5454.0	-0.03909	0.00042
2458850.81698	5454.5	-0.03970	0.00092
2458850.97434	5455.0	-0.03882	0.00054
2458851.13026	5455.5	-0.03939	0.00039
2458851.28731	5456.0	-0.03883	0.00078
2458851.44314	5456.5	-0.03949	0.00090
2458851.59988	5457.0	-0.03923	0.00067
2458851.75638	5457.5	-0.03922	0.00111
2458851.91359	5458.0	-0.03849	0.00056
2458852.06909	5458.5	-0.03947	0.00068
2458852.22589	5459.0	-0.03916	0.00094
2458852.38106	5459.5	-0.04048	0.00045
2458852.53927	5460.0	-0.03874	0.00070
2458852.69387	5460.5	-0.04063	0.00067
2458852.85187	5461.0	-0.03912	0.00047
2458853.00748	5461.5	-0.03999	0.00075
2458853.16476	5462.0	-0.03920	0.00068
2458853.32205	5462.5	-0.03839	0.00077
2458853.47795	5463.0	-0.03898	0.00075
2458853.63405	5463.5	-0.03936	0.00041
2458853.79097	5464.0	-0.03892	0.00100
2458853.94694	5464.5	-0.03944	0.00055
2458854.10328	5465.0	-0.03959	0.00188
2458854.25973	5465.5	-0.03962	0.00051
2458854.41740	5466.0	-0.03843	0.00084
2458854.57305	5466.5	-0.03927	0.00046
2458854.73087	5467.0	-0.03794	0.00063
2458856.60713	5473.0	-0.03950	0.00075
2458856.76370	5473.5	-0.03941	0.00040
2458856.92282	5474.0	-0.03678	0.00115
2458857.07671	5474.5	-0.03937	0.00039
2458857.23388	5475.0	-0.03869	0.00068
2458857.38948	5475.5	-0.03958	0.00051
2458857.54693	5476.0	-0.03860	0.00080
2458857.70269	5476.5	-0.03933	0.00055
2458857.85969	5477.0	-0.03882	0.00109
2458858.01562	5477.5	-0.03938	0.00047
2458858.17268	5478.0	-0.03880	0.00112
2458858.32879	5478.5	-0.03918	0.00079
2458858.48425	5479.0	-0.04020	0.00051
2458858.64171	5479.5	-0.03922	0.00042
2458858.79760	5480.0	-0.03982	0.00056
2458858.95472	5480.5	-0.03918	0.00055
2458859.11089	5481.0	-0.03950	0.00066
2458859.26793	5481.5	-0.03895	0.00060
2458859.42446	5482.0	-0.03890	0.00042
2458859.58117	5482.5	-0.03867	0.00054
2458859.73751	5483.0	-0.03882	0.00073
2458859.89445	5483.5	-0.03837	0.00057
2458860.05033	5484.0	-0.03897	0.00085
2458860.20666	5484.5	-0.03912	0.00141
2458860.36341	5485.0	-0.03886	0.00075
2458860.51924	5485.5	-0.03951	0.00101
2458860.67642	5486.0	-0.03882	0.00080
2458860.83279	5486.5	-0.03894	0.00039
2458860.98934	5487.0	-0.03887	0.00055
2458861.14568	5487.5	-0.03902	0.00107
2458861.30229	5488.0	-0.03889	0.00042
2458861.45562	5488.5	-0.04204	0.00064
2458861.61513	5489.0	-0.03902	0.00052
2458861.92914	5490.0	-0.03798	0.00053
2458862.08354	5490.5	-0.04006	0.00171
2458862.24108	5491.0	-0.03901	0.00039
2458862.39842	5491.5	-0.03815	0.00063
2458862.55388	5492.0	-0.03918	0.00040
2458862.70892	5492.5	-0.04062	0.00109
2458862.86707	5493.0	-0.03896	0.00038
2458863.02442	5493.5	-0.03809	0.00080
2458863.17985	5494.0	-0.03915	0.00038
2458863.33557	5494.5	-0.03992	0.00074
2458863.49281	5495.0	-0.03916	0.00040
2458863.64836	5495.5	-0.04009	0.00087
2458863.80580	5496.0	-0.03914	0.00055
2458863.96364	5496.5	-0.03779	0.00068
2458864.11904	5497.0	-0.03887	0.00057
2458864.27430	5497.5	-0.04010	0.00086
2458864.43193	5498.0	-0.03895	0.00043
2458864.74450	5499.0	-0.03934	0.00039
2458864.90031	5499.5	-0.04003	0.00119
2458865.05788	5500.0	-0.03894	0.00071
2458865.21356	5500.5	-0.03974	0.00106
2458865.37059	5501.0	-0.03920	0.00062
2458865.52357	5501.5	-0.04270	0.00078
2458865.68397	5502.0	-0.03879	0.00063
2458865.83951	5502.5	-0.03974	0.00042
2458865.99698	5503.0	-0.03875	0.00057
2458866.15257	5503.5	-0.03964	0.00074
2458866.31061	5504.0	-0.03809	0.00060
2458866.46487	5504.5	-0.04031	0.00047
2458866.62232	5505.0	-0.03935	0.00063
2458866.77851	5505.5	-0.03964	0.00064
2458866.93607	5506.0	-0.03857	0.00073
2458867.09138	5506.5	-0.03974	0.00079
2458867.24833	5507.0	-0.03928	0.00118
2458867.40534	5507.5	-0.03876	0.00056
2458867.56367	5508.0	-0.03691	0.00104
2458867.71741	5508.5	-0.03965	0.00050
2458867.87487	5509.0	-0.03868	0.00060
2458868.03104	5509.5	-0.03899	0.00039
2458868.18726	5510.0	-0.03926	0.00093
2458868.34401	5510.5	-0.03899	0.00055
2458868.50027	5511.0	-0.03922	0.00101
2458868.65685	5511.5	-0.03912	0.00053
2458870.53411	5517.5	-0.03968	0.00046
2458870.68949	5518.0	-0.04079	0.00095
2458870.84686	5518.5	-0.03990	0.00038
2458871.00372	5519.0	-0.03953	0.00060
2458871.15987	5519.5	-0.03987	0.00038
2458871.31663	5520.0	-0.03959	0.00116
2458871.47266	5520.5	-0.04005	0.00047
2458871.63013	5521.0	-0.03906	0.00061
2458871.78557	5521.5	-0.04011	0.00073
2458871.94307	5522.0	-0.03909	0.00052
2458872.09912	5522.5	-0.03952	0.00053
2458872.25632	5523.0	-0.03881	0.00077
2458872.41162	5523.5	-0.03999	0.00074
2458872.56887	5524.0	-0.03923	0.00082
2458872.72439	5524.5	-0.04019	0.00065
2458872.88156	5525.0	-0.03950	0.00057
2458873.03753	5525.5	-0.04003	0.00067
2458873.19524	5526.0	-0.03880	0.00079
2458873.35101	5526.5	-0.03951	0.00079
2458873.50788	5527.0	-0.03913	0.00076
2458873.66378	5527.5	-0.03971	0.00058
2458873.82087	5528.0	-0.03911	0.00074
2458873.97656	5528.5	-0.03991	0.00048
2458874.13422	5529.0	-0.03873	0.00040
2458874.29055	5529.5	-0.03888	0.00099
2458874.44701	5530.0	-0.03891	0.00042
2458874.60312	5530.5	-0.03928	0.00038
2458874.75986	5531.0	-0.03903	0.00041
2458874.91565	5531.5	-0.03973	0.00089
2458875.07305	5532.0	-0.03881	0.00046
2458875.22932	5532.5	-0.03902	0.00105
2458875.38588	5533.0	-0.03895	0.00052
2458875.54199	5533.5	-0.03932	0.00132
2458875.69882	5534.0	-0.03898	0.00046
2458875.85579	5534.5	-0.03850	0.00042
2458876.01149	5535.0	-0.03928	0.00041
2458876.16799	5535.5	-0.03927	0.00083
2458876.32421	5536.0	-0.03953	0.00056
2458876.48093	5536.5	-0.03930	0.00064
2458876.63738	5537.0	-0.03933	0.00057
2458876.79452	5537.5	-0.03868	0.00113
2458876.95028	5538.0	-0.03939	0.00052
2458877.10599	5538.5	-0.04017	0.00120
2458877.26379	5539.0	-0.03886	0.00043
2458877.41879	5539.5	-0.04034	0.00110
2458877.57620	5540.0	-0.03942	0.00047
2458877.73290	5540.5	-0.03921	0.00172
2458877.88897	5541.0	-0.03962	0.00061
2458878.04511	5541.5	-0.03996	0.00040
2458878.20166	5542.0	-0.03989	0.00052
2458878.35780	5542.5	-0.04025	0.00092
2458878.51455	5543.0	-0.03997	0.00065
2458878.66961	5543.5	-0.04140	0.00047
2458878.82750	5544.0	-0.04000	0.00057
2458878.98385	5544.5	-0.04013	0.00068
2458879.14035	5545.0	-0.04012	0.00066
2458879.29700	5545.5	-0.03995	0.00067
2458879.45352	5546.0	-0.03991	0.00039
2458879.60853	5546.5	-0.04140	0.00046
2458879.76630	5547.0	-0.04011	0.00071
2458879.92277	5547.5	-0.04012	0.00065
2458880.07962	5548.0	-0.03976	0.00076
2458880.23529	5548.5	-0.04057	0.00052
2458880.39264	5549.0	-0.03971	0.00080
2458880.54900	5549.5	-0.03984	0.00060
2458880.70585	5550.0	-0.03947	0.00060
2458880.86184	5550.5	-0.03996	0.00082
2458881.01839	5551.0	-0.03990	0.00096
2458881.17315	5551.5	-0.04163	0.00075
2458881.33219	5552.0	-0.03907	0.00062
2458881.48664	5552.5	-0.04110	0.00076
2458881.64587	5553.0	-0.03836	0.00057
2458881.80101	5553.5	-0.03970	0.00062
2458881.95758	5554.0	-0.03962	0.00072
2458882.11402	5554.5	-0.03967	0.00047
2458882.27020	5555.0	-0.03997	0.00099
2458882.42732	5555.5	-0.03933	0.00042
2458882.58380	5556.0	-0.03934	0.00089
2458882.74021	5556.5	-0.03941	0.00052
2458882.89662	5557.0	-0.03949	0.00080
2458883.05296	5557.5	-0.03963	0.00045
2458883.20978	5558.0	-0.03930	0.00098
2458883.36593	5558.5	-0.03963	0.00054
2458883.52376	5559.0	-0.03829	0.00044
2458883.67883	5559.5	-0.03970	0.00044
2458883.83597	5560.0	-0.03905	0.00122
2458885.08611	5564.0	-0.04079	0.00049
2458885.24318	5564.5	-0.04020	0.00067
2458885.40063	5565.0	-0.03924	0.00054
2458885.55617	5565.5	-0.04018	0.00041
2458885.71286	5566.0	-0.03998	0.00054
2458885.86996	5566.5	-0.03937	0.00056
2458886.02626	5567.0	-0.03955	0.00058
2458886.18277	5567.5	-0.03952	0.00072
2458886.33929	5568.0	-0.03949	0.00072
2458886.49649	5568.5	-0.03877	0.00072
2458886.65266	5569.0	-0.03909	0.00069
2458886.80983	5569.5	-0.03841	0.00058
2458886.96526	5570.0	-0.03946	0.00085
2458887.12322	5570.5	-0.03798	0.00060
2458887.27836	5571.0	-0.03933	0.00060
2458887.43631	5571.5	-0.03786	0.00073
2458887.59148	5572.0	-0.03918	0.00090
2458887.74828	5572.5	-0.03887	0.00093
2458887.90453	5573.0	-0.03910	0.00062
2458888.05995	5573.5	-0.04016	0.00068
2458888.21730	5574.0	-0.03930	0.00065
2458888.37273	5574.5	-0.04036	0.00091
2458888.53034	5575.0	-0.03923	0.00056
2458888.68588	5575.5	-0.04017	0.00089
2458888.84333	5576.0	-0.03921	0.00054
2458888.99882	5576.5	-0.04020	0.00125
2458889.15607	5577.0	-0.03944	0.00057
2458889.31195	5577.5	-0.04005	0.00117
2458889.46915	5578.0	-0.03933	0.00047
2458889.64769	5578.5	-0.01728	0.00030
2458889.78238	5579.0	-0.03907	0.00049
2458889.93843	5579.5	-0.03950	0.00048
2458890.09575	5580.0	-0.03867	0.00040
2458889.93843	5579.5	-0.03950	0.00048
2458890.09572	5580.0	-0.03870	0.00068
2458890.25085	5580.5	-0.04005	0.00110
2458890.40824	5581.0	-0.03915	0.00047
2458890.56389	5581.5	-0.03998	0.00148
2458890.72060	5582.0	-0.03975	0.00053
2458890.87747	5582.5	-0.03937	0.00083
2458891.03362	5583.0	-0.03971	0.00061
2458891.18937	5583.5	-0.04044	0.00113
2458891.34559	5584.0	-0.04071	0.00041
2458891.47648	5584.5	-0.06631	0.00031
2458891.65844	5585.0	-0.04083	0.00038
2458891.79139	5585.5	-0.06437	0.00031
2458891.97175	5586.0	-0.04049	0.00044
2458892.12825	5586.5	-0.04047	0.00069
2458892.28455	5587.0	-0.04066	0.00038
2458892.44067	5587.5	-0.04102	0.00051
2458892.59782	5588.0	-0.04036	0.00054
2458892.75403	5588.5	-0.04063	0.00084
2458892.91069	5589.0	-0.04046	0.00078
2458893.06667	5589.5	-0.04096	0.00066
2458893.22370	5590.0	-0.04042	0.00075
2458893.37991	5590.5	-0.04070	0.00081
2458893.53650	5591.0	-0.04059	0.00065
2458893.69267	5591.5	-0.04091	0.00058
2458893.84944	5592.0	-0.04062	0.00074
2458894.00571	5592.5	-0.04084	0.00057
2458894.16251	5593.0	-0.04051	0.00066
2458894.31810	5593.5	-0.04141	0.00042
2458894.47623	5594.0	-0.03977	0.00064
2458894.63064	5594.5	-0.04185	0.00038
2458894.78871	5595.0	-0.04026	0.00051
2458894.94390	5595.5	-0.04156	0.00076
2458895.10251	5596.0	-0.03942	0.00096
2458895.25709	5596.5	-0.04133	0.00046
2458895.41435	5597.0	-0.04056	0.00090
2458895.57046	5597.5	-0.04093	0.00043
2458895.72761	5598.0	-0.04027	0.00047
2458895.88374	5598.5	-0.04062	0.00073
2458896.04112	5599.0	-0.03973	0.00068
2458896.19681	5599.5	-0.04052	0.00067
2458896.35379	5600.0	-0.04003	0.00075
2458896.51045	5600.5	-0.03986	0.00060
2458896.66686	5601.0	-0.03993	0.00066
2458896.82312	5601.5	-0.04015	0.00055
2458896.98118	5602.0	-0.03858	0.00084
2458897.13608	5602.5	-0.04016	0.00047
2458897.29010	5603.0	-0.04263	0.00142
2458897.44907	5603.5	-0.04015	0.00043
2459390.83518	7180.0	-0.05124	0.00045
2459390.99127	7180.5	-0.05164	0.00041
2459391.14831	7181.0	-0.05108	0.00060
2459391.30439	7181.5	-0.05148	0.00048
2459391.46126	7182.0	-0.05110	0.00044
2459391.61735	7182.5	-0.05149	0.00040
2459391.77409	7183.0	-0.05124	0.00050
2459391.93031	7183.5	-0.05150	0.00055
2459392.08693	7184.0	-0.05137	0.00058
2459392.24326	7184.5	-0.05153	0.00044
2459392.39999	7185.0	-0.05128	0.00059
2459392.55627	7185.5	-0.05148	0.00038
2459392.71325	7186.0	-0.05099	0.00055
2459392.86926	7186.5	-0.05147	0.00046
2459393.02574	7187.0	-0.05147	0.00060
2459393.18219	7187.5	-0.05151	0.00040
2459393.33880	7188.0	-0.05138	0.00041
2459393.49554	7188.5	-0.05112	0.00045
2459393.65172	7189.0	-0.05142	0.00050
2459393.80836	7189.5	-0.05128	0.00062
2459393.96471	7190.0	-0.05140	0.00048
2459394.12139	7190.5	-0.05122	0.00050
2459394.27770	7191.0	-0.05138	0.00041
2459394.43444	7191.5	-0.05114	0.00046
2459394.59063	7192.0	-0.05143	0.00039
2459394.74742	7192.5	-0.05113	0.00056
2459394.90360	7193.0	-0.05143	0.00046
2459395.05966	7193.5	-0.05185	0.00062
2459395.21652	7194.0	-0.05148	0.00039
2459395.37306	7194.5	-0.05142	0.00055
2459395.52945	7195.0	-0.05152	0.00055
2459395.68598	7195.5	-0.05147	0.00044
2459395.84247	7196.0	-0.05147	0.00053
2459395.99877	7196.5	-0.05165	0.00056
2459396.15531	7197.0	-0.05160	0.00040
2459396.31206	7197.5	-0.05133	0.00073
2459396.46845	7198.0	-0.05143	0.00049
2459396.62511	7198.5	-0.05126	0.00056
2459396.78139	7199.0	-0.05146	0.00041
2459396.93795	7199.5	-0.05138	0.00040
2459397.09471	7200.0	-0.05111	0.00045
2459397.25069	7200.5	-0.05161	0.00046
2459397.40748	7201.0	-0.05131	0.00053
2459397.72031	7202.0	-0.05144	0.00065
2459397.87669	7202.5	-0.05156	0.00044
2459398.03311	7203.0	-0.05162	0.00041
2459398.18985	7203.5	-0.05137	0.00047
2459398.34585	7204.0	-0.05185	0.00064
2459398.50293	7204.5	-0.05126	0.00055
2459398.65920	7205.0	-0.05146	0.00056
2459398.81575	7205.5	-0.05140	0.00047
2459398.97213	7206.0	-0.05151	0.00039
2459399.12855	7206.5	-0.05157	0.00052
2459399.28525	7207.0	-0.05136	0.00046
2459399.44179	7207.5	-0.05130	0.00074
2459399.59808	7208.0	-0.05150	0.00044
2459399.75442	7208.5	-0.05164	0.00043
2459399.91106	7209.0	-0.05149	0.00046
2459400.06765	7209.5	-0.05139	0.00046
2459400.22401	7210.0	-0.05151	0.00045
2459400.38030	7210.5	-0.05170	0.00044
2459400.53706	7211.0	-0.05143	0.00041
2459400.69347	7211.5	-0.05151	0.00043
2459400.84987	7212.0	-0.05159	0.00052
2459401.00619	7212.5	-0.05175	0.00057
2459401.16329	7213.0	-0.05113	0.00056
2459401.31929	7213.5	-0.05163	0.00054
2459401.47590	7214.0	-0.05150	0.00039
2459401.63222	7214.5	-0.05167	0.00061
2459401.78909	7215.0	-0.05128	0.00072
2459401.94525	7215.5	-0.05160	0.00045
2459402.10186	7216.0	-0.05147	0.00044
2459402.25809	7216.5	-0.05174	0.00039
2459402.41475	7217.0	-0.05156	0.00042
2459402.57116	7217.5	-0.05164	0.00055
2459402.72764	7218.0	-0.05164	0.00058
2459402.88425	7218.5	-0.05151	0.00042
2459403.04072	7219.0	-0.05153	0.00067
2459403.19725	7219.5	-0.05148	0.00057
2459403.35349	7220.0	-0.05173	0.00061
2459403.51006	7220.5	-0.05164	0.00044
2459403.66670	7221.0	-0.05149	0.00064
2459403.82314	7221.5	-0.05153	0.00041
2459403.97963	7222.0	-0.05153	0.00041
2459404.13614	7222.5	-0.05151	0.00066
2459404.29242	7223.0	-0.05171	0.00041
2459405.38778	7226.5	-0.05174	0.00042
2459405.54429	7227.0	-0.05172	0.00051
2459405.70089	7227.5	-0.05160	0.00049
2459405.85722	7228.0	-0.05176	0.00046
2459406.01369	7228.5	-0.05177	0.00048
2459406.17017	7229.0	-0.05178	0.00075
2459406.32691	7229.5	-0.05153	0.00047
2459406.48324	7230.0	-0.05168	0.00054
2459406.63974	7230.5	-0.05166	0.00040
2459406.79625	7231.0	-0.05164	0.00062
2459406.95276	7231.5	-0.05161	0.00050
2459407.10921	7232.0	-0.05165	0.00042
2459407.26596	7232.5	-0.05138	0.00065
2459407.42182	7233.0	-0.05201	0.00046
2459407.57851	7233.5	-0.05180	0.00049
2459407.73482	7234.0	-0.05198	0.00045
2459407.89175	7234.5	-0.05153	0.00063
2459408.04788	7235.0	-0.05189	0.00039
2459408.20486	7235.5	-0.05139	0.00053
2459408.36098	7236.0	-0.05176	0.00064
2459408.51787	7236.5	-0.05135	0.00083
2459408.67385	7237.0	-0.05186	0.00058
2459408.83092	7237.5	-0.05128	0.00059
2459408.98669	7238.0	-0.05199	0.00039
2459409.14392	7238.5	-0.05125	0.00048
2459409.29975	7239.0	-0.05190	0.00047
2459409.45658	7239.5	-0.05155	0.00075
2459409.61265	7240.0	-0.05197	0.00046
2459409.76952	7240.5	-0.05159	0.00051
2459409.92566	7241.0	-0.05192	0.00050
2459410.08261	7241.5	-0.05146	0.00058
2459410.23875	7242.0	-0.05180	0.00041
2459410.39543	7242.5	-0.05161	0.00045
2459410.55172	7243.0	-0.05181	0.00055
2459410.70833	7243.5	-0.05168	0.00049
2459410.86465	7244.0	-0.05185	0.00046
2459411.02137	7244.5	-0.05161	0.00042
2459411.17747	7245.0	-0.05200	0.00057
2459411.33437	7245.5	-0.05158	0.00042
2459411.49077	7246.0	-0.05167	0.00092
2459411.64725	7246.5	-0.05167	0.00050
2459411.80335	7247.0	-0.05206	0.00055
2459411.96030	7247.5	-0.05160	0.00042
2459412.11730	7248.0	-0.05107	0.00058
2459412.27313	7248.5	-0.05173	0.00041
2459412.42939	7249.0	-0.05196	0.00042
2459412.58625	7249.5	-0.05158	0.00051
2459412.74255	7250.0	-0.05177	0.00057
2459412.89922	7250.5	-0.05159	0.00058
2459413.05537	7251.0	-0.05192	0.00040
2459413.21246	7251.5	-0.05131	0.00040
2459413.36872	7252.0	-0.05154	0.00046
2459413.52531	7252.5	-0.05143	0.00061
2459413.68136	7253.0	-0.05187	0.00038
2459413.83850	7253.5	-0.05121	0.00069
2459413.99430	7254.0	-0.05190	0.00044
2459414.15077	7254.5	-0.05192	0.00053
2459414.30724	7255.0	-0.05193	0.00043
2459414.46378	7255.5	-0.05188	0.00040
2459414.62039	7256.0	-0.05175	0.00047
2459414.77705	7256.5	-0.05157	0.00047
2459414.93327	7257.0	-0.05184	0.00057
2459415.08984	7257.5	-0.05176	0.00040
2459415.24623	7258.0	-0.05184	0.00059
2459415.40285	7258.5	-0.05171	0.00044
2459415.55915	7259.0	-0.05189	0.00053
2459415.71598	7259.5	-0.05156	0.00043
2459415.87184	7260.0	-0.05218	0.00050
2459416.02873	7260.5	-0.05177	0.00040
2459416.18556	7261.0	-0.05142	0.00058
2459416.34188	7261.5	-0.05160	0.00038
2459416.49779	7262.0	-0.05217	0.00053
2459416.81111	7263.0	-0.05182	0.00046
2459416.96795	7263.5	-0.05146	0.00047
2459417.12398	7264.0	-0.05192	0.00049
2459417.28089	7264.5	-0.05149	0.00060
2459417.43703	7265.0	-0.05184	0.00048
2459417.59375	7265.5	-0.05160	0.00044
2459417.74991	7266.0	-0.05193	0.00048
2459417.90683	7266.5	-0.05150	0.00081
2459418.06285	7267.0	-0.05196	0.00042
2459418.21990	7267.5	-0.05140	0.00057
2459418.37578	7268.0	-0.05200	0.00043
2459418.53292	7268.5	-0.05134	0.00064
2459418.68889	7269.0	-0.05186	0.00040
2459420.09877	7273.5	-0.05035	0.00104
2459420.25423	7274.0	-0.05137	0.00079
2459420.41047	7274.5	-0.05162	0.00091
2459420.56728	7275.0	-0.05129	0.00064
2459420.72335	7275.5	-0.05171	0.00101
2459420.87844	7276.0	-0.05310	0.00050
2459421.19188	7277.0	-0.05263	0.00077
2459421.50541	7278.0	-0.05207	0.00062
2459421.81870	7279.0	-0.05175	0.00048
2459422.13208	7280.0	-0.05134	0.00070
2459422.44509	7281.0	-0.05130	0.00076
2459422.75761	7282.0	-0.05175	0.00057
2459423.07056	7283.0	-0.05177	0.00038
2459423.38326	7284.0	-0.05204	0.00039
2459423.69696	7285.0	-0.05131	0.00046
2459424.00907	7286.0	-0.05217	0.00099
2459424.32171	7287.0	-0.05250	0.00039
2459424.63481	7288.0	-0.05237	0.00043
2459424.94903	7289.0	-0.05112	0.00053
2459425.26086	7290.0	-0.05226	0.00039
2459425.57397	7291.0	-0.05212	0.00076
2459425.88741	7292.0	-0.05165	0.00095
2459426.51334	7294.0	-0.05165	0.00089
2459426.82659	7295.0	-0.05138	0.00067
2459427.13872	7296.0	-0.05222	0.00045
2459427.45192	7297.0	-0.05199	0.00039
2459427.76501	7298.0	-0.05187	0.00048
2459428.07802	7299.0	-0.05183	0.00040
2459428.39096	7300.0	-0.05186	0.00048
2459428.70393	7301.0	-0.05186	0.00038
2459429.01637	7302.0	-0.05239	0.00076
2459429.32990	7303.0	-0.05183	0.00095
2459429.64293	7304.0	-0.05177	0.00050
2459429.95701	7305.0	-0.05065	0.00068
2459430.26882	7306.0	-0.05182	0.00080
2459430.58088	7307.0	-0.05273	0.00045
2459430.89414	7308.0	-0.05244	0.00084
2459431.20731	7309.0	-0.05223	0.00091
2459431.52107	7310.0	-0.05145	0.00050
2459431.83410	7311.0	-0.05139	0.00051
2459432.14630	7312.0	-0.05216	0.00047
2459432.45935	7313.0	-0.05208	0.00039
2459434.02364	7318.0	-0.05264	0.00061
2459434.33754	7319.0	-0.05171	0.00073
2459434.65001	7320.0	-0.05221	0.00080
2459434.96495	7321.0	-0.05024	0.00066
2459435.27471	7322.0	-0.05345	0.00049
2459435.58862	7323.0	-0.05250	0.00078
2459435.90120	7324.0	-0.05290	0.00087
2459436.21541	7325.0	-0.05166	0.00055
2459436.52859	7326.0	-0.05145	0.00040
2459436.84069	7327.0	-0.05232	0.00062
2459437.15377	7328.0	-0.05221	0.00045
2459437.46667	7329.0	-0.05227	0.00048
2459437.77995	7330.0	-0.05197	0.00048
2459438.09301	7331.0	-0.05188	0.00055
2459438.40516	7332.0	-0.05270	0.00074
2459438.71850	7333.0	-0.05233	0.00039
2459439.03174	7334.0	-0.05205	0.00047
2459439.34559	7335.0	-0.05118	0.00061
2459439.65767	7336.0	-0.05207	0.00060
2459439.96896	7337.0	-0.05375	0.00039
2459440.28237	7338.0	-0.05331	0.00083
2459440.59624	7339.0	-0.05241	0.00057
2459440.90986	7340.0	-0.05176	0.00088
2459441.22287	7341.0	-0.05172	0.00074
2459441.53509	7342.0	-0.05247	0.00044
2459441.84803	7343.0	-0.05249	0.00043
2459442.16122	7344.0	-0.05228	0.00057
2459442.47414	7345.0	-0.05233	0.00039
2459442.78703	7346.0	-0.05241	0.00056
2459443.10013	7347.0	-0.05228	0.00066
2459443.41315	7348.0	-0.05223	0.00079
2459443.72642	7349.0	-0.05193	0.00044
2459444.03900	7350.0	-0.05232	0.00085
2459444.35245	7351.0	-0.05184	0.00079
2459444.66420	7352.0	-0.05306	0.00061
2459444.97693	7353.0	-0.05330	0.00077
2459445.29037	7354.0	-0.05283	0.00055
2459445.60400	7355.0	-0.05217	0.00067
2459445.91704	7356.0	-0.05210	0.00077
2459446.22945	7357.0	-0.05266	0.00039
2459446.54237	7358.0	-0.05271	0.00052
2459579.86397	7784.0	-0.05633	0.00057
2459580.02144	7784.5	-0.05534	0.00074
2459580.17890	7785.0	-0.05437	0.00056
2459580.33509	7785.5	-0.05466	0.00052
2459580.48903	7786.0	-0.05720	0.00066
2459580.64521	7786.5	-0.05751	0.00070
2459580.80366	7787.0	-0.05555	0.00082
2459580.95992	7787.5	-0.05578	0.00043
2459581.11878	7788.0	-0.05340	0.00110
2459581.27296	7788.5	-0.05571	0.00053
2459581.43058	7789.0	-0.05457	0.00061
2459581.58697	7789.5	-0.05466	0.00058
2459581.74399	7790.0	-0.05413	0.00115
2459581.89970	7790.5	-0.05491	0.00058
2459582.05745	7791.0	-0.05364	0.00041
2459582.21240	7791.5	-0.05517	0.00044
2459582.36834	7792.0	-0.05572	0.00063
2459582.52509	7792.5	-0.05545	0.00051
2459582.68131	7793.0	-0.05572	0.00041
2459582.83785	7793.5	-0.05566	0.00045
2459582.99414	7794.0	-0.05586	0.00043
2459583.15064	7794.5	-0.05585	0.00048
2459583.30726	7795.0	-0.05571	0.00056
2459583.46369	7795.5	-0.05576	0.00043
2459583.61976	7796.0	-0.05618	0.00065
2459583.77638	7796.5	-0.05604	0.00041
2459583.93254	7797.0	-0.05636	0.00073
2459584.08957	7797.5	-0.05582	0.00047
2459584.24573	7798.0	-0.05615	0.00056
2459584.40180	7798.5	-0.05656	0.00055
2459584.55964	7799.0	-0.05521	0.00060
2459584.71450	7799.5	-0.05683	0.00053
2459584.87271	7800.0	-0.05511	0.00040
2459585.02764	7800.5	-0.05666	0.00051
2459585.18552	7801.0	-0.05527	0.00071
2459585.34038	7801.5	-0.05689	0.00050
2459585.49812	7802.0	-0.05564	0.00039
2459585.65426	7802.5	-0.05598	0.00055
2459585.81106	7803.0	-0.05567	0.00046
2459585.96595	7803.5	-0.05726	0.00076
2459586.12408	7804.0	-0.05562	0.00047
2459586.28002	7804.5	-0.05616	0.00048
2459586.43708	7805.0	-0.05559	0.00039
2459586.59244	7805.5	-0.05672	0.00068
2459586.74963	7806.0	-0.05601	0.00044
2459586.90571	7806.5	-0.05641	0.00068
2459587.06217	7807.0	-0.05644	0.00046
2459587.21934	7807.5	-0.05575	0.00045
2459587.37586	7808.0	-0.05572	0.00055
2459587.53198	7808.5	-0.05608	0.00058
2459587.69021	7809.0	-0.05434	0.00059
2459587.84435	7809.5	-0.05669	0.00074
2459588.00295	7810.0	-0.05457	0.00082
2459588.15855	7810.5	-0.05545	0.00039
2459588.31564	7811.0	-0.05485	0.00066
2459588.47096	7811.5	-0.05602	0.00044
2459588.62827	7812.0	-0.05519	0.00049
2459588.78515	7812.5	-0.05480	0.00074
2459588.94112	7813.0	-0.05531	0.00062
2459589.09735	7813.5	-0.05556	0.00054
2459589.25409	7814.0	-0.05531	0.00057
2459589.41045	7814.5	-0.05544	0.00072
2459589.56607	7815.0	-0.05630	0.00039
2459589.72358	7815.5	-0.05527	0.00040
2459589.87972	7816.0	-0.05562	0.00040
2459590.03616	7816.5	-0.05566	0.00040
2459590.19274	7817.0	-0.05557	0.00038
2459590.34851	7817.5	-0.05629	0.00067
2459590.50614	7818.0	-0.05514	0.00067
2459590.66178	7818.5	-0.05598	0.00055
2459590.81867	7819.0	-0.05558	0.00046
2459590.97449	7819.5	-0.05625	0.00042
2459591.13202	7820.0	-0.05520	0.00053
2459591.28670	7820.5	-0.05700	0.00051
2459591.44569	7821.0	-0.05450	0.00059
2459591.60000	7821.5	-0.05667	0.00041
2459591.75832	7822.0	-0.05483	0.00050
2459591.91220	7822.5	-0.05744	0.00047
2459592.07129	7823.0	-0.05484	0.00077
2459592.22666	7823.5	-0.05595	0.00044
2459592.38382	7824.0	-0.05527	0.00044
2459592.53945	7824.5	-0.05613	0.00038
2459592.69592	7825.0	-0.05615	0.00063
2459592.85258	7825.5	-0.05598	0.00045
2459594.57381	7831.0	-0.05608	0.00045
2459594.73038	7831.5	-0.05600	0.00054
2459594.88708	7832.0	-0.05577	0.00042
2459595.04323	7832.5	-0.05612	0.00058
2459595.19763	7833.0	-0.05820	0.00109
2459595.35576	7833.5	-0.05655	0.00058
2459595.51264	7834.0	-0.05616	0.00054
2459595.66883	7834.5	-0.05646	0.00115
2459595.82452	7835.0	-0.05725	0.00085
2459595.98114	7835.5	-0.05712	0.00083
2459596.13832	7836.0	-0.05642	0.00058
2459596.29497	7836.5	-0.05626	0.00081
2459596.45096	7837.0	-0.05674	0.00053
2459596.60891	7837.5	-0.05529	0.00050
2459596.76400	7838.0	-0.05668	0.00041
2459596.92141	7838.5	-0.05576	0.00053
2459597.07769	7839.0	-0.05596	0.00074
2459597.23444	7839.5	-0.05569	0.00043
2459597.39040	7840.0	-0.05622	0.00045
2459597.54692	7840.5	-0.05618	0.00048
2459597.70486	7841.0	-0.05473	0.00057
2459597.85980	7841.5	-0.05628	0.00041
2459598.01724	7842.0	-0.05532	0.00078
2459598.17231	7842.5	-0.05674	0.00049
2459598.33035	7843.0	-0.05518	0.00051
2459598.48504	7843.5	-0.05697	0.00048
2459598.64305	7844.0	-0.05545	0.00052
2459598.79941	7844.5	-0.05557	0.00071
2459598.95585	7845.0	-0.05562	0.00049
2459599.11178	7845.5	-0.05617	0.00059
2459599.26861	7846.0	-0.05583	0.00051
2459599.42517	7846.5	-0.05576	0.00074
2459599.58156	7847.0	-0.05584	0.00041
2459599.73874	7847.5	-0.05515	0.00090
2459599.89437	7848.0	-0.05601	0.00044
2459600.04953	7848.5	-0.05734	0.00059
2459600.20772	7849.0	-0.05563	0.00054
2459600.36325	7849.5	-0.05659	0.00066
2459600.52022	7850.0	-0.05610	0.00041
2459600.67628	7850.5	-0.05653	0.00054
2459600.83289	7851.0	-0.05640	0.00041
2459600.98839	7851.5	-0.05738	0.00043
2459601.14649	7852.0	-0.05577	0.00052
2459601.30316	7852.5	-0.05558	0.00041
2459601.45861	7853.0	-0.05662	0.00053
2459601.61595	7853.5	-0.05577	0.00041
2459601.77231	7854.0	-0.05589	0.00041
2459601.92867	7854.5	-0.05602	0.00045
2459602.08581	7855.0	-0.05536	0.00038
2459602.24152	7855.5	-0.05613	0.00065
2459602.39899	7856.0	-0.05515	0.00077
2459602.55450	7856.5	-0.05612	0.00042
2459602.71197	7857.0	-0.05514	0.00064
2459602.86691	7857.5	-0.05669	0.00040
2459603.02479	7858.0	-0.05529	0.00051
2459603.18110	7858.5	-0.05547	0.00086
2459603.33768	7859.0	-0.05537	0.00043
2459603.49439	7859.5	-0.05514	0.00045
2459603.64942	7860.0	-0.05660	0.00057
2459603.80700	7860.5	-0.05551	0.00053
2459603.96312	7861.0	-0.05587	0.00041
2459604.11977	7861.5	-0.05570	0.00085
2459604.27606	7862.0	-0.05590	0.00062
2459604.43270	7862.5	-0.05575	0.00080
2459604.58913	7863.0	-0.05580	0.00042
2459604.74506	7863.5	-0.05636	0.00040
2459604.90169	7864.0	-0.05621	0.00055
2459605.05773	7864.5	-0.05665	0.00057
2459605.21455	7865.0	-0.05632	0.00043
2459605.37076	7865.5	-0.05659	0.00060
2459605.52722	7866.0	-0.05662	0.00054
2459605.68353	7866.5	-0.05680	0.00055
2459605.84028	7867.0	-0.05653	0.00043
2459605.99761	7867.5	-0.05568	0.00045
2459606.15356	7868.0	-0.05622	0.00064
2459606.30999	7868.5	-0.05627	0.00041
2459606.46742	7869.0	-0.05532	0.00045
2459606.62324	7869.5	-0.05599	0.00058
2459606.77958	7870.0	-0.05614	0.00062
2459608.03164	7874.0	-0.05596	0.00043
2459608.18667	7874.5	-0.05742	0.00061
2459608.34400	7875.0	-0.05657	0.00068
2459608.81229	7876.5	-0.05773	0.00107
2459608.97046	7877.0	-0.05605	0.00042
2459609.12607	7877.5	-0.05693	0.00043
2459609.28368	7878.0	-0.05580	0.00044
2459609.43910	7878.5	-0.05686	0.00057
2459609.75265	7879.5	-0.05629	0.00064
2459609.90954	7880.0	-0.05588	0.00052
2459610.06534	7880.5	-0.05657	0.00054
2459610.22332	7881.0	-0.05507	0.00100
2459610.37841	7881.5	-0.05647	0.00046
2459610.53569	7882.0	-0.05567	0.00077
2459610.69148	7882.5	-0.05636	0.00039
2459610.84896	7883.0	-0.05537	0.00062
2459611.00444	7883.5	-0.05638	0.00059
2459611.16180	7884.0	-0.05550	0.00062
2459611.31753	7884.5	-0.05626	0.00041
2459611.47564	7885.0	-0.05463	0.00059
2459611.63026	7885.5	-0.05649	0.00045
2459611.78716	7886.0	-0.05608	0.00067
2459611.94335	7886.5	-0.05638	0.00055
2459612.10018	7887.0	-0.05603	0.00107
2459612.25620	7887.5	-0.05649	0.00043
2459612.41321	7888.0	-0.05597	0.00040
2459612.56901	7888.5	-0.05665	0.00064
2459612.72620	7889.0	-0.05595	0.00062
2459612.88196	7889.5	-0.05668	0.00046
2459613.03903	7890.0	-0.05609	0.00060
2459613.19526	7890.5	-0.05634	0.00039
2459613.35185	7891.0	-0.05624	0.00068
2459613.50834	7891.5	-0.05623	0.00076
2459613.66457	7892.0	-0.05649	0.00049
2459613.82099	7892.5	-0.05655	0.00048
2459613.97803	7893.0	-0.05600	0.00044
2459614.13368	7893.5	-0.05684	0.00076
2459614.29165	7894.0	-0.05535	0.00078
2459614.44702	7894.5	-0.05647	0.00084
2459614.60396	7895.0	-0.05601	0.00144
2459614.91661	7896.0	-0.05633	0.00071
2459615.07294	7896.5	-0.05648	0.00051
2459615.23003	7897.0	-0.05588	0.00074
2459615.38611	7897.5	-0.05629	0.00059
2459615.54302	7898.0	-0.05586	0.00047
2459615.69894	7898.5	-0.05643	0.00044
2459615.85635	7899.0	-0.05550	0.00057
2459616.01202	7899.5	-0.05632	0.00041
2459616.16868	7900.0	-0.05614	0.00051
2459616.32510	7900.5	-0.05621	0.00043
2459616.48154	7901.0	-0.05625	0.00069
2459616.63797	7901.5	-0.05630	0.00053
2459616.79441	7902.0	-0.05635	0.00041
2459616.95093	7902.5	-0.05631	0.00039
2459617.10733	7903.0	-0.05640	0.00051
2459617.26368	7903.5	-0.05654	0.00066
2459617.42032	7904.0	-0.05638	0.00062
2459617.57697	7904.5	-0.05621	0.00042
2459617.73338	7905.0	-0.05629	0.00048
2459617.88964	7905.5	-0.05651	0.00045
2459618.04652	7906.0	-0.05612	0.00044
2459618.20290	7906.5	-0.05622	0.00063
2459618.35932	7907.0	-0.05629	0.00048
2459618.51616	7907.5	-0.05593	0.00063
2459618.67246	7908.0	-0.05611	0.00039
2459618.82866	7908.5	-0.05641	0.00062
2459618.98534	7909.0	-0.05621	0.00049
2459619.14120	7909.5	-0.05684	0.00042
2459619.29792	7910.0	-0.05660	0.00043
2459619.45496	7910.5	-0.05604	0.00045
2459619.61125	7911.0	-0.05623	0.00057
2459619.76756	7911.5	-0.05641	0.00058
2459619.92431	7912.0	-0.05615	0.00041
2459620.08050	7912.5	-0.05645	0.00042
2459620.23672	7913.0	-0.05670	0.00060
2459620.39328	7913.5	-0.05663	0.00046
2459620.55027	7914.0	-0.05613	0.00043
2459620.70626	7914.5	-0.05663	0.00044
2459620.86265	7915.0	-0.05671	0.00062
2459621.01938	7915.5	-0.05647	0.00041
2459621.17656	7916.0	-0.05578	0.00042
2459621.33224	7916.5	-0.05659	0.00043
2459621.48886	7917.0	-0.05645	0.00084
2459623.21171	7922.5	-0.05493	0.00180
2459623.36852	7923.0	-0.05461	0.00106
2459623.67980	7924.0	-0.05630	0.00058
2459623.83583	7924.5	-0.05675	0.00048
2459623.98985	7925.0	-0.05921	0.00185
2459624.14863	7925.5	-0.05692	0.00057
2459624.30619	7926.0	-0.05585	0.00038
2459624.46135	7926.5	-0.05718	0.00059
2459624.61901	7927.0	-0.05600	0.00045
2459624.77419	7927.5	-0.05731	0.00058
2459624.93143	7928.0	-0.05655	0.00102
2459625.08761	7928.5	-0.05686	0.00038
2459625.24429	7929.0	-0.05666	0.00056
2459625.40059	7929.5	-0.05685	0.00047
2459625.55779	7930.0	-0.05613	0.00085
2459625.71352	7930.5	-0.05689	0.00053
2459625.87151	7931.0	-0.05538	0.00065
2459626.02666	7931.5	-0.05672	0.00042
2459626.18392	7932.0	-0.05594	0.00074
2459626.33986	7932.5	-0.05648	0.00039
2459626.49675	7933.0	-0.05608	0.00058
2459626.65298	7933.5	-0.05633	0.00054
2459626.80896	7934.0	-0.05684	0.00057
2459626.96542	7934.5	-0.05686	0.00055
2459627.12252	7935.0	-0.05625	0.00059
2459627.27880	7935.5	-0.05645	0.00065
2459627.43515	7936.0	-0.05659	0.00042
2459627.59218	7936.5	-0.05604	0.00076
2459627.74809	7937.0	-0.05662	0.00044
2459627.90541	7937.5	-0.05578	0.00057
2459628.06121	7938.0	-0.05647	0.00056
2459628.21643	7938.5	-0.05773	0.00078
2459628.37413	7939.0	-0.05652	0.00068
2459628.52976	7939.5	-0.05738	0.00067
2459628.68670	7940.0	-0.05692	0.00039
2459628.84329	7940.5	-0.05682	0.00077
2459629.00030	7941.0	-0.05629	0.00055
2459629.15639	7941.5	-0.05669	0.00064
2459629.31249	7942.0	-0.05707	0.00045
2459629.46999	7942.5	-0.05605	0.00062
2459629.62672	7943.0	-0.05581	0.00069
2459629.78207	7943.5	-0.05694	0.00039
2459629.93913	7944.0	-0.05637	0.00047
2459630.09502	7944.5	-0.05697	0.00039
2459630.25205	7945.0	-0.05642	0.00065
2459630.40792	7945.5	-0.05704	0.00046
2459630.56477	7946.0	-0.05667	0.00080
2459630.72135	7946.5	-0.05658	0.00046
2459630.87767	7947.0	-0.05674	0.00040
2459631.03418	7947.5	-0.05671	0.00057
2459631.19138	7948.0	-0.05600	0.00048
2459631.34649	7948.5	-0.05738	0.00055
2459631.50324	7949.0	-0.05711	0.00050
2459631.65939	7949.5	-0.05744	0.00046
2459631.81677	7950.0	-0.05654	0.00043
2459631.97297	7950.5	-0.05683	0.00069
2459632.13003	7951.0	-0.05625	0.00041
2459632.28551	7951.5	-0.05727	0.00077
2459632.44272	7952.0	-0.05654	0.00056
2459632.59873	7952.5	-0.05702	0.00045
2459632.75574	7953.0	-0.05649	0.00044
2459632.91084	7953.5	-0.05788	0.00111
2459633.06853	7954.0	-0.05667	0.00042
2459633.22563	7954.5	-0.05605	0.00068
2459633.38140	7955.0	-0.05677	0.00059
2459633.53802	7955.5	-0.05663	0.00045
2459633.69425	7956.0	-0.05689	0.00056
2459633.85068	7956.5	-0.05694	0.00056
2459634.00677	7957.0	-0.05734	0.00045
2459634.16359	7957.5	-0.05701	0.00068
2459634.31989	7958.0	-0.05718	0.00076
2459634.47651	7958.5	-0.05705	0.00055
2459634.63392	7959.0	-0.05613	0.00055
2459634.79040	7959.5	-0.05613	0.00040
2459634.94614	7960.0	-0.05688	0.00077
2459635.10251	7960.5	-0.05700	0.00045
2459635.25928	7961.0	-0.05671	0.00049
2459635.41487	7961.5	-0.05760	0.00041
2459635.57168	7962.0	-0.05728	0.00039
2459635.72798	7962.5	-0.05747	0.00065
2459635.88564	7963.0	-0.05628	0.00043
